24.3
45.04
58.42
56.29
65.5
20.56
79.31
80.88
30.33
2.85
1.44
34.79
49.63
63.64
72.6
17.34
92.61
53.85
73.61
31.07
20.94
8.27
21.21
86.61
88.65
47.42
40.13
35.05
6.2
63.46
67.53
3.4
51.44
30.96
11.18
34.14
89.17
58.28
1.07
21.99
36.24
9.44
59.62
66.48
11.16
5.45
63.9
43.83
12.27
35.52
61.98
1.29
64.64
53.93
87.77
49.93
16.1
75.96
95.26
91.8
23.7
94.02
51.1
23.63
13.18
34.71
88.15
54.22
26.84
86.45
15.88
61.43
37.63
21.38
80.65
95.97
4.96
69.62
5.61
94.42
94.74
58.16
68.03
95.35
41.26
22.51
38.06
59.27
29.21
72.94
20.26
65.75
87.18
30.34
67.5
6.42
6.82
69.75
83.19
32.72
91.22
79.65
15.18
52.5
11.97
2.52
6.97
89.84
37.32
98.57
29.04
50.4
89.93
34.31
80.27
2.09
96.39
85.94
50.82
25.31
4.64
39.82
41.59
72.81
88.28
96.53
76.55
65.84
49.6
55.14
87.53
35.43
18.99
85.13
95.79
16.47
91.31
98.15
98.66
20.8
60.21
90.85
74.94
75.41
74.18
67.4
12.95
83.11
35.69
52.06
7.26
3.74
6.52
42.68
71.78
21.1
56.83
51.16
66.62
87.13
49.45
44.31
23.19
20.82
33.98
98.23
28.3
50.09
48.38
39.26
34.62
40.71
91.3
42.61
32.7
33.71
15.81
13.73
42.73
21.37
54.7
13.21
27.95
34.39
16.16
20.97
6.68
92.71
20.44
69.95
69.65
38.7
30.97
84.25
65.33
26.62
46.75
36.44
87.65
43.9
86.39
17.51
97.43
54.29
12.96
8.85
18.68
56.34
66.49
44.72
46.55
90.54
94.03
42.96
51.85
69.36
87.78
80.85
57.75
83.08
32.99
91.2
81.01
61.26
1.35
66.76
24.85
22.07
33.88
69.76
39.84
42.08
28.44
47.76
99.59
58.67
22.39
60.58
85.42
67.72
21.27
99.24
20.67
0.06
7.97
34.34
94.43
70.98
17.77
94.14
65.71
88.31
64.38
86.68
21.89
24.42
39.54
91.32
4.03
46.52
99.52
96.9
66.97
86.02
77.67
20.54
83.71
86.78
72.0
49.55
41.74
23.2
22.56
2.44
41.67
18.28
59.35
9.68
93.98
35.45
38.72
98.73
62.38
8.79
13.98
76.86
1.0
77.56
98.28
50.51
92.0
17.24
55.52
49.61
4.34
35.73
75.22
41.6
56.45
37.36
0.79
7.77
44.28
64.42
98.62
9.83
98.88
21.68
30.28
98.77
17.83
51.77
30.58
2.03
98.99
20.75
57.15
79.45
81.61
42.21
39.94
67.8
23.69
67.1
64.35
60.15
49.78
73.44
22.49
32.18
87.82
94.77
78.69
75.17
12.13
23.89
6.06
7.74
43.17
38.21
4.02
16.18
25.14
55.7
93.16
99.86
38.79
46.62
85.34
78.51
62.2
59.52
33.32
45.64
71.9
74.93
82.78
88.71
25.46
18.83
2.61
99.21
75.44
13.76
42.46
15.62
32.05
20.5
72.08
63.87
8.62
29.41
38.22
79.27
75.94
41.21
41.17
59.4
68.66
40.18
6.87
3.99
63.95
19.1
87.7
48.9
18.27
35.39
24.61
46.07
39.57
31.54
97.26
70.97
28.71
6.88
8.36
25.82
32.08
50.27
43.46
86.24
52.0
79.35
24.77
84.71
43.96
90.79
10.2
3.45
13.14
39.48
44.67
26.79
67.34
86.55
46.58
32.64
53.47
48.5
84.49
69.71
8.09
39.56
45.91
16.34
79.95
26.78
15.84
62.05
61.54
93.46
34.66
55.28
8.31
30.51
81.31
52.27
74.07
94.72
8.52
96.87
92.86
47.75
3.32
98.64
48.18
34.47
1.73
30.05
75.33
17.68
59.6
61.36
23.3
30.55
66.75
53.42
8.01
43.15
88.7
67.78
58.98
33.54
87.15
5.04
7.53
68.48
89.57
9.03
40.62
17.28
45.07
53.08
65.47
71.53
31.6
0.94
56.91
61.08
34.38
88.34
90.81
33.76
81.73
76.6
38.6
72.45
72.5
36.64
28.98
88.99
71.02
82.82
16.44
84.46
48.92
31.75
46.16
38.57
70.2
47.97
63.44
45.1
26.95
12.39
70.01
14.57
63.77
34.65
2.16
90.12
53.82
49.42
41.15
40.66
81.34
47.07
44.85
88.33
19.23
81.05
76.85
10.32
86.27
53.1
75.79
34.08
14.72
90.32
60.86
91.35
48.88
4.62
41.1
44.57
97.24
57.23
39.61
61.35
29.31
17.14
38.16
15.76
45.51
11.1
56.32
85.44
42.57
65.77
64.75
10.82
22.22
93.28
36.84
71.4
14.44
54.34
27.3
85.57
82.28
9.78
24.58
87.0
35.02
20.99
34.86
49.72
90.14
96.36
22.93
67.69
84.16
52.13
18.14
83.14
36.47
35.98
40.09
54.49
62.58
16.65
14.42
5.36
48.12
48.97
25.76
22.64
18.87
90.44
48.77
86.56
55.12
52.32
1.78
42.5
62.39
38.53
22.88
82.79
77.76
88.14
16.81
49.28
16.52
22.6
85.24
62.19
38.25
48.02
3.88
93.65
14.62
47.94
80.06
62.13
25.83
41.32
15.07
2.27
77.3
38.0
90.71
64.31
21.45
91.7
20.03
4.07
95.16
67.66
67.71
32.76
28.83
33.26
16.95
20.1
96.64
19.68
92.5
11.38
70.05
32.94
91.28
81.82
68.67
71.28
72.35
38.3
72.41
80.74
74.79
41.49
73.09
94.51
99.61
41.8
81.77
43.69
86.18
76.04
79.86
24.79
16.71
48.1
25.91
78.76
41.33
3.89
33.9
97.84
47.61
38.26
67.04
22.69
86.29
66.35
33.12
25.47
12.75
65.4
9.54
92.06
38.27
72.38
73.28
94.09
45.6
11.58
47.84
94.65
1.08
75.46
85.59
12.44
57.8
70.4
79.71
44.13
9.63
79.63
41.77
40.0
79.49
81.69
21.54
37.83
55.92
55.35
77.82
26.28
85.37
72.62
72.83
0.25
99.17
53.55
45.43
81.49
6.19
6.31
38.36
14.15
87.46
98.35
65.92
68.12
59.66
16.99
98.36
40.39
65.62
64.63
30.68
24.48
25.49
71.75
95.54
71.81
29.23
6.67
16.08
37.98
29.79
80.43
77.7
78.02
56.48
74.97
70.25
93.6
43.5
53.2
42.35
60.13
27.56
21.97
89.61
74.27
18.57
89.7
72.84
7.55
24.25
36.96
32.34
61.27
25.17
79.56
47.39
98.87
88.27
15.98
78.21
87.8
75.72
25.43
32.33
54.02
54.96
23.08
10.79
95.12
64.43
63.24
40.57
57.72
34.05
31.32
66.59
43.59
96.71
40.84
66.72
24.75
7.83
78.4
63.83
26.0
60.36
65.76
41.56
67.7
9.16
9.35
25.11
14.87
18.23
24.63
99.23
44.09
4.85
47.37
96.12
68.52
16.93
69.28
93.08
11.87
10.68
26.18
57.3
78.16
99.42
70.58
32.74
74.35
51.31
20.81
13.51
51.46
92.6
7.81
7.72
97.18
32.12
95.81
96.28
37.52
99.45
55.26
94.1
3.1
83.91
24.09
22.62
12.98
3.72
77.51
27.82
53.14
92.81
10.28
46.45
11.64
13.22
54.41
30.37
33.29
47.83
40.1
61.87
52.82
55.93
37.48
62.67
98.89
46.43
20.36
44.68
25.12
62.08
26.04
6.25
89.32
45.17
49.07
37.42
59.68
4.37
82.18
72.9
35.8
52.44
63.0
87.98
18.15
76.26
7.99
59.42
9.73
12.86
81.59
4.9
10.74
20.92
5.72
14.85
24.23
91.01
49.56
60.98
61.95
57.17
35.54
23.06
0.12
61.78
83.69
0.33
11.29
41.01
87.6
22.54
64.55
58.0
12.68
56.71
32.04
56.02
95.69
64.67
51.27
60.97
59.95
21.24
31.18
32.56
86.66
60.57
70.79
18.09
80.1
40.43
92.93
39.33
73.81
52.94
49.81
36.62
12.88
12.23
77.4
43.35
80.04
78.52
34.96
14.43
66.04
62.03
8.2
80.67
48.79
45.65
45.8
13.08
58.32
35.84
68.69
6.73
59.26
91.81
52.53
17.91
71.79
83.3
0.04
38.07
45.77
96.16
55.49
35.99
36.7
9.42
21.66
6.43
63.02
56.11
11.86
63.65
15.47
73.19
79.02
23.09
76.69
39.63
23.52
6.12
34.51
68.99
67.07
18.91
94.22
31.01
51.99
13.52
8.74
80.16
75.81
70.66
63.96
8.59
21.94
45.7
61.67
9.14
81.42
38.28
14.17
25.71
30.39
52.23
64.45
0.27
17.66
88.21
57.11
82.99
93.75
0.82
19.14
51.65
44.34
69.67
80.58
16.2
89.85
29.43
33.15
75.86
35.68
68.59
97.66
87.43
9.87
4.33
97.4
26.38
5.82
99.76
35.62
36.4
53.44
41.85
26.68
80.96
92.98
11.55
19.06
3.02
16.01
51.98
91.98
86.3
1.79
11.9
29.59
54.98
17.53
42.84
76.68
4.45
6.41
65.26
81.64
79.74
4.11
75.76
82.51
11.34
58.35
55.31
32.07
58.85
91.33
10.73
23.38
22.77
22.57
42.81
85.58
21.84
20.11
7.24
44.49
54.46
2.75
33.89
32.3
25.09
39.55
99.26
18.13
63.59
12.36
15.99
75.52
46.57
53.12
60.94
41.12
4.09
71.08
36.73
77.18
32.8
53.72
75.95
29.95
79.79
90.09
47.31
88.75
22.81
37.89
28.92
97.21
26.59
9.18
38.42
67.74
70.09
57.37
77.17
85.49
76.4
44.73
59.33
87.81
60.37
79.07
61.06
16.64
36.06
13.87
72.02
68.81
2.89
55.2
27.96
73.74
19.11
88.07
71.43
87.61
57.28
78.54
39.0
16.79
0.01
3.76
12.43
82.64
85.04
21.92
78.92
15.75
97.82
26.52
88.42
42.56
57.41
20.51
84.42
30.65
11.47
52.84
85.64
54.67
84.45
68.15
81.02
86.9
83.86
59.51
22.4
9.43
89.8
18.92
46.8
14.92
6.33
96.11
0.37
8.47
66.54
35.35
51.29
36.15
41.76
16.98
83.27
54.56
24.88
52.37
74.48
47.99
59.81
12.32
65.59
34.89
22.8
74.38
15.31
89.21
48.91
14.68
43.2
16.7
68.9
45.16
39.86
3.23
66.06
62.73
79.99
24.78
21.69
2.42
98.47
34.1
39.71
45.84
97.89
19.03
10.03
47.62
27.54
12.26
2.1
3.29
21.73
23.6
59.58
14.64
17.75
40.81
25.94
38.93
81.7
87.04
60.12
72.71
22.36
19.33
37.13
10.99
51.39
30.24
47.28
81.56
48.42
0.2
21.44
35.91
88.3
82.12
1.1
63.58
31.81
68.21
46.51
38.5
94.0
98.98
96.35
3.6
80.29
91.73
90.9
74.81
71.62
95.4
87.37
45.75
6.72
98.53
13.44
15.22
43.43
77.58
30.74
23.14
17.32
15.44
85.71
57.46
27.47
78.22
66.92
33.27
52.54
73.08
13.34
95.09
27.79
22.45
8.55
1.18
37.4
96.38
98.12
51.57
83.76
2.78
4.32
87.49
81.06
13.2
10.72
87.62
69.87
50.84
19.58
60.89
63.74
77.73
73.33
23.16
54.6
16.06
53.0
90.41
57.5
76.31
8.02
65.61
83.34
56.69
2.65
87.95
93.76
68.84
0.22
10.39
37.53
38.02
22.48
94.06
59.28
77.25
66.38
63.42
26.29
54.05
70.7
97.69
81.72
62.79
57.12
82.62
70.24
30.13
85.5
49.97
80.02
87.79
54.88
39.49
54.78
48.03
59.76
67.81
92.48
8.18
27.63
72.74
7.16
91.77
78.59
61.68
45.18
57.44
2.39
18.9
87.88
26.9
14.01
37.38
63.94
0.88
89.35
97.61
82.48
68.43
0.86
5.92
79.14
69.39
26.23
64.9
50.34
0.63
34.28
49.32
93.8
29.66
97.86
37.08
18.11
98.5
74.54
40.67
60.3
22.17
74.68
44.26
70.94
15.5
72.15
58.11
63.81
98.78
78.35
20.43
36.14
78.47
61.45
36.63
75.1
58.78
25.32
21.88
82.15
85.08
65.78
51.93
67.88
92.09
80.95
55.83
15.85
41.04
19.43
52.1
91.43
47.92
70.48
50.19
39.68
40.97
46.48
64.44
85.2
89.11
88.51
11.39
80.37
15.0
5.57
35.79
92.24
66.94
75.64
53.76
45.82
64.99
17.71
96.04
45.11
30.66
10.36
87.25
97.36
89.62
62.18
23.75
17.73
93.07
8.83
71.58
85.88
51.95
29.18
32.1
67.9
44.91
84.44
30.85
92.19
74.96
15.55
48.87
37.33
60.1
11.12
72.72
12.74
79.72
64.19
54.3
88.36
38.58
44.06
88.63
27.4
75.08
53.64
42.39
98.93
5.14
46.32
73.89
59.3
84.33
43.99
18.36
80.38
77.71
53.9
68.28
92.83
88.5
93.62
83.54
60.77
72.7
4.36
37.24
9.59
62.83
65.98
70.17
7.95
20.7
18.08
9.41
1.83
93.69
33.13
41.3
3.83
76.93
5.8
82.77
73.29
42.44
66.14
42.18
73.93
36.65
10.41
5.55
93.36
99.91
97.93
34.76
56.28
65.63
32.71
84.31
18.7
83.8
37.12
34.84
23.33
88.17
86.03
13.7
25.23
68.44
65.41
89.06
19.31
28.36
97.97
99.78
90.93
49.27
90.33
80.91
88.46
64.77
55.33
82.31
99.39
10.38
18.07
55.41
45.61
39.17
15.65
40.63
73.3
72.31
52.51
82.1
71.49
70.95
86.33
77.49
64.24
14.96
95.22
34.52
16.3
40.41
53.61
77.42
8.43
5.0
22.96
1.66
95.46
3.55
24.5
78.71
96.42
58.09
83.09
57.54
76.54
13.38
5.49
96.17
29.29
13.95
55.09
66.84
4.23
21.34
80.26
48.56
26.19
86.82
94.62
72.57
79.24
94.35
69.16
95.11
79.58
89.68
41.91
41.83
96.05
23.88
2.77
45.79
14.24
90.24
30.38
22.95
67.14
10.19
85.89
6.99
31.76
89.88
12.93
67.36
88.87
52.39
96.65
3.12
36.07
62.02
87.75
78.43
23.55
42.87
85.07
13.99
95.39
29.87
15.64
8.23
14.19
44.16
30.54
28.28
17.57
30.31
17.56
23.43
6.78
1.82
22.26
25.41
56.56
56.84
47.72
30.72
9.02
53.17
32.17
35.24
63.34
26.93
66.85
4.65
90.8
41.36
36.89
46.49
89.15
17.5
56.55
7.46
17.1
15.56
21.31
53.77
43.62
17.86
38.31
53.57
39.36
33.82
94.56
21.95
3.91
57.84
94.93
62.69
92.42
11.05
95.31
86.04
65.96
82.42
76.82
48.01
31.46
98.94
9.21
2.84
55.77
27.88
3.36
84.12
45.59
57.68
22.33
70.27
89.82
67.19
42.49
97.39
51.05
99.68
83.18
60.69
69.4
72.68
90.46
2.41
71.0
17.06
6.22
94.81
29.02
62.11
0.85
67.63
95.82
34.56
23.64
72.91
65.6
88.13
63.56
59.41
30.99
15.51
85.48
25.65
7.79
26.2
34.44
55.51
58.89
87.27
70.15
53.48
98.14
82.7
37.96
9.32
57.04
57.95
41.69
31.06
7.04
99.09
49.57
49.64
31.93
36.39
86.44
53.63
72.58
94.79
96.99
85.85
33.33
29.65
79.64
46.65
96.89
55.54
70.14
28.42
76.16
92.16
83.67
65.19
0.38
12.03
21.01
10.63
98.27
88.2
79.73
84.36
97.3
47.52
65.9
81.62
64.6
53.04
96.98
17.48
68.64
5.15
67.02
8.6
94.15
69.43
65.91
47.15
83.39
96.27
19.54
72.89
85.95
4.61
76.33
84.82
32.24
31.14
37.74
59.9
88.0
54.33
24.74
39.19
90.73
60.71
55.53
60.45
19.85
39.72
89.45
44.84
10.0
50.33
96.78
39.76
78.05
40.11
99.56
87.67
18.47
93.91
18.82
26.45
72.16
75.02
23.59
58.1
40.52
95.14
73.76
75.9
24.92
62.82
96.29
98.51
74.57
35.07
31.52
68.19
40.7
6.37
74.26
40.07
79.96
80.12
61.73
83.23
37.28
61.41
1.81
6.04
62.35
61.14
85.8
6.62
56.54
36.76
2.68
12.42
83.04
88.98
69.32
79.55
10.29
33.08
35.23
72.97
96.92
70.11
4.13
74.41
9.66
17.94
76.79
53.73
96.67
79.5
2.8
3.67
44.86
19.04
74.25
32.03
12.69
27.13
86.1
67.43
35.12
26.98
27.92
64.37
56.04
7.56
9.97
28.61
22.44
83.93
57.16
69.31
77.31
29.54
2.21
57.09
95.65
20.74
38.81
81.93
20.57
25.79
51.82
9.22
66.03
36.51
1.24
18.06
37.15
39.25
93.14
82.24
80.47
69.59
38.82
93.9
97.06
69.89
17.69
25.15
81.26
32.5
14.46
44.08
27.52
75.57
74.69
77.35
8.95
63.31
70.06
27.5
76.76
0.46
11.03
88.16
48.41
69.49
44.6
52.74
12.0
67.37
24.95
10.45
11.27
41.65
37.82
96.25
89.37
39.66
62.23
18.37
75.8
21.43
91.04
67.61
60.82
65.82
84.78
23.67
73.11
12.17
95.02
7.67
82.33
76.83
39.31
7.44
71.73
35.1
96.77
13.72
98.0
60.6
84.97
25.93
77.89
20.21
45.83
24.39
19.01
33.37
18.19
50.44
33.22
17.45
96.44
12.84
4.82
87.85
45.86
69.81
69.1
72.79
2.6
29.91
17.37
4.93
56.63
47.96
83.47
40.77
68.79
46.28
91.88
98.68
73.72
0.26
60.41
88.77
14.75
1.13
42.3
46.22
62.42
42.41
42.89
54.77
46.34
0.77
36.04
24.41
28.6
29.8
60.68
61.84
58.75
12.04
11.77
97.99
90.55
12.3
65.53
58.19
43.57
39.53
13.26
87.97
69.12
17.23
37.99
55.72
50.45
66.47
25.64
81.95
53.54
29.45
38.9
73.03
85.22
26.22
74.11
55.74
30.83
13.39
16.24
75.06
57.13
68.29
98.91
79.11
36.49
61.52
47.21
72.11
62.75
8.67
13.49
19.97
28.59
43.21
4.01
11.56
98.74
88.38
94.55
54.55
1.41
9.01
84.08
99.02
60.44
42.31
15.78
92.68
39.44
83.88
23.84
13.47
22.73
87.21
46.21
67.22
15.52
81.23
71.61
36.69
22.47
87.66
50.68
57.61
12.58
21.42
33.63
12.57
61.17
70.92
2.02
29.74
40.58
41.23
49.66
36.98
81.3
35.27
93.35
4.56
72.48
61.09
56.43
52.6
14.1
45.72
49.85
13.02
2.73
13.84
53.78
53.38
81.45
65.23
33.69
44.7
80.86
87.57
58.69
49.33
62.86
24.11
7.18
59.8
58.17
91.55
33.42
57.79
74.83
32.0
99.36
80.53
90.65
48.48
73.79
91.26
97.6
41.25
97.29
50.17
77.91
5.05
86.63
13.61
95.05
80.03
92.21
27.78
62.26
91.5
88.49
41.88
98.81
30.9
29.99
18.5
32.35
77.24
35.67
18.29
25.25
51.01
14.33
17.08
7.94
3.95
76.18
7.6
29.78
79.13
1.22
52.12
84.27
86.59
88.44
25.39
98.92
22.27
2.94
53.62
64.09
90.01
68.92
46.77
92.8
97.23
24.08
91.02
45.46
69.04
89.94
52.14
72.86
70.54
48.99
13.28
42.99
3.38
78.23
6.08
27.1
65.16
66.51
24.07
95.9
84.59
75.67
50.63
87.52
57.81
60.2
32.26
78.17
40.44
57.98
7.69
75.63
37.93
91.17
5.1
65.83
15.14
20.05
78.18
92.54
16.62
30.56
24.35
6.66
62.62
86.15
28.2
21.82
49.43
33.0
22.2
5.56
95.78
40.55
78.39
91.6
16.09
71.99
32.32
91.51
85.52
62.49
84.24
38.37
42.15
77.8
51.04
84.56
11.57
17.4
43.72
55.61
17.39
1.52
15.45
1.03
90.06
74.42
10.34
41.42
9.72
77.62
67.75
89.76
41.13
23.46
72.8
24.01
98.32
26.1
79.59
21.78
8.58
67.41
16.83
35.21
32.6
11.78
60.74
85.83
31.33
26.07
97.44
89.53
15.92
32.36
58.2
74.02
21.64
66.33
17.63
46.39
93.3
23.86
96.41
38.66
79.39
47.82
36.94
98.2
86.87
3.35
89.51
95.55
19.96
70.03
90.89
31.79
30.16
81.98
67.33
25.13
26.41
86.12
3.07
67.83
94.84
3.14
64.52
37.47
48.83
0.15
38.01
1.51
24.97
81.21
23.93
53.91
67.52
1.14
10.24
44.59
27.99
93.86
13.31
48.29
31.05
66.81
69.7
67.59
65.93
8.94
64.48
96.08
4.44
22.04
49.34
53.13
62.27
86.14
12.05
20.59
85.92
71.69
87.14
15.09
99.15
79.47
40.79
33.02
33.61
0.29
63.06
15.48
58.76
49.96
96.14
16.53
33.5
84.9
13.69
60.05
11.41
49.39
33.17
57.42
88.73
88.22
37.62
3.61
9.65
29.75
44.4
68.88
49.23
39.96
70.51
29.89
94.11
10.22
15.53
9.25
28.24
52.38
91.42
58.15
26.21
2.01
67.26
31.3
30.53
12.29
2.37
67.92
20.58
28.9
20.84
50.22
92.33
64.66
84.26
32.98
40.03
56.7
22.98
94.23
14.26
74.08
22.08
1.31
87.05
95.08
37.05
91.54
82.56
33.03
93.78
5.86
51.74
9.79
34.09
45.97
34.13
43.75
63.78
82.91
68.75
95.49
80.79
46.96
51.6
94.36
66.61
95.45
6.11
35.83
35.03
18.58
47.08
71.18
6.29
18.04
36.43
33.34
89.89
81.0
72.43
90.64
38.73
28.07
26.87
14.05
40.06
28.55
73.37
10.42
85.4
92.37
10.08
62.45
84.99
35.2
24.68
31.78
92.76
93.41
77.61
76.71
29.13
78.26
25.63
6.03
85.05
58.77
54.74
11.04
4.7
1.91
23.95
14.35
58.29
31.59
65.11
59.39
29.94
94.27
84.21
15.57
75.19
26.09
6.61
78.04
90.29
66.96
17.44
81.71
45.0
78.11
53.19
85.03
21.22
11.95
1.88
56.47
62.87
28.09
52.69
42.94
84.88
65.14
15.24
62.17
23.97
10.51
45.34
93.18
20.35
50.16
55.58
68.6
63.97
38.24
13.93
90.3
20.17
17.04
1.12
4.79
69.97
8.21
30.29
44.64
21.08
45.56
36.28
59.38
8.89
56.23
13.16
72.67
52.89
83.66
28.35
47.57
21.51
21.56
95.63
85.11
4.42
45.19
66.74
11.7
34.8
5.12
20.41
84.11
7.42
33.59
92.31
57.88
23.0
95.07
94.75
10.66
19.55
22.83
83.45
70.71
94.9
60.06
31.7
23.99
35.74
90.68
83.92
6.4
0.5
22.03
82.8
74.99
50.46
94.59
38.48
45.13
49.17
53.3
30.1
77.9
29.19
36.33
28.25
34.15
12.45
73.24
62.22
82.98
40.89
85.9
32.42
12.12
66.89
71.83
88.52
54.38
42.28
42.66
72.07
87.09
23.31
99.51
88.32
91.19
4.59
23.9
62.04
68.27
67.38
52.3
34.54
4.1
36.5
49.16
67.18
1.53
86.98
84.0
99.03
62.54
67.95
57.31
41.41
95.95
64.49
62.43
7.61
3.22
96.3
40.16
65.0
85.79
46.67
43.07
48.62
24.06
22.21
12.28
7.88
52.11
54.25
29.6
19.61
24.36
83.31
71.34
55.89
26.44
56.53
24.7
96.06
63.09
60.11
76.92
43.97
52.57
3.98
54.85
23.91
99.63
28.37
29.15
87.26
76.51
83.29
84.17
96.97
91.44
3.44
83.02
13.03
5.39
12.82
94.07
73.47
52.68
82.75
98.52
61.32
66.32
55.37
5.74
68.74
61.18
84.7
21.76
7.71
68.32
68.62
3.39
82.04
94.68
36.3
79.93
89.72
16.89
33.92
76.81
72.24
19.53
14.83
23.56
74.77
42.53
45.68
69.03
29.77
4.49
55.96
74.39
99.25
61.24
71.13
84.62
90.88
54.79
27.11
31.56
49.98
73.82
48.6
19.38
23.34
13.3
99.54
90.59
65.39
89.64
45.78
80.83
34.18
68.57
82.6
17.9
37.0
47.34
21.9
32.73
60.52
20.2
83.32
33.14
80.77
22.43
24.69
40.21
19.35
21.03
12.22
90.16
74.8
55.25
3.27
46.29
44.45
39.74
96.34
40.22
4.74
59.03
24.19
43.93
50.89
78.94
99.95
10.05
64.03
17.54
75.01
27.58
41.46
36.23
6.95
44.51
76.61
93.96
34.24
31.04
46.19
0.51
55.95
23.66
97.03
84.98
11.17
43.03
48.49
51.13
28.05
29.9
47.12
74.03
62.25
4.89
27.9
19.66
23.81
1.64
24.96
30.19
10.62
52.36
24.0
80.55
54.42
12.92
28.45
74.46
74.67
63.69
54.61
45.27
24.98
16.85
80.2
97.46
43.55
70.42
94.97
97.01
16.04
8.04
30.03
50.87
10.1
34.67
68.08
85.72
30.0
2.3
9.3
99.08
37.09
57.03
80.99
5.34
82.67
19.57
46.83
31.41
11.79
68.37
5.32
61.57
61.28
61.6
11.99
58.52
36.48
92.59
14.8
22.37
47.48
19.44
82.21
92.38
39.91
94.04
84.51
67.23
75.49
24.84
38.39
54.43
56.87
65.34
78.14
12.21
81.97
45.2
95.01
64.18
24.62
28.54
82.72
80.14
73.34
63.48
37.51
83.51
61.46
52.16
10.16
62.15
62.53
52.26
87.63
11.01
68.2
55.5
68.71
76.3
66.23
21.11
36.46
81.33
49.67
82.32
27.73
14.99
46.15
16.07
69.06
68.3
39.7
60.91
68.98
55.04
98.26
32.53
84.23
81.57
7.92
97.38
40.42
85.41
45.23
80.6
62.94
89.14
81.86
37.31
70.04
53.95
76.7
87.41
39.88
55.63
35.75
78.41
44.43
92.17
3.19
42.42
19.71
38.84
48.04
83.82
39.24
45.55
74.78
9.07
2.2
72.46
14.4
88.59
54.47
59.37
0.76
5.75
31.1
42.78
90.62
37.19
64.57
13.04
96.49
83.85
35.94
53.7
45.4
61.94
77.84
44.96
8.41
27.28
86.89
15.87
13.41
83.0
23.15
89.75
19.81
46.02
5.79
62.44
55.98
80.19
52.2
31.69
88.58
5.4
56.92
11.06
14.36
67.29
30.35
97.94
25.96
51.97
34.25
87.38
59.1
82.0
15.77
92.04
76.89
51.07
56.8
83.55
17.29
63.03
14.5
94.48
3.13
65.56
41.47
97.0
28.13
23.82
9.27
89.42
32.11
62.72
36.75
31.25
85.53
82.61
40.88
92.79
31.39
56.3
51.51
32.93
45.08
51.94
9.13
99.33
92.67
8.75
80.82
9.61
40.72
62.46
26.71
24.89
16.97
93.33
45.06
21.61
59.47
20.71
42.4
51.35
69.79
47.81
12.5
10.71
58.45
17.0
16.63
32.91
34.5
91.12
69.63
92.08
31.53
79.66
0.8
9.91
73.17
42.43
0.71
91.64
90.38
91.75
53.35
82.97
4.63
54.12
22.58
43.44
90.72
45.42
92.57
56.58
56.79
77.53
45.74
23.11
34.07
86.49
53.27
15.95
39.75
12.07
34.77
26.97
66.57
65.25
27.98
84.76
58.24
40.51
18.0
58.6
80.11
50.53
24.02
66.46
71.47
28.94
57.39
96.0
22.74
14.7
25.36
25.73
61.88
30.17
15.34
84.54
26.75
55.76
29.57
36.95
75.89
61.93
52.25
31.48
7.11
21.72
70.82
84.38
12.18
13.91
73.67
26.85
3.11
22.78
6.77
94.16
56.9
8.66
91.56
40.31
43.95
25.03
13.79
58.27
30.77
31.65
38.17
0.78
46.03
89.08
73.2
52.83
95.7
75.99
56.49
38.34
58.39
21.15
12.53
46.4
13.71
53.03
44.8
30.89
42.2
54.81
64.81
87.54
52.56
49.1
92.23
81.19
29.37
70.53
46.95
18.85
14.0
80.44
20.07
5.25
51.12
94.28
72.03
61.86
38.62
42.38
82.81
80.75
55.32
12.6
36.35
88.67
44.32
14.91
13.86
6.5
34.35
8.08
41.58
82.13
12.31
59.82
83.98
35.7
99.66
5.22
86.75
91.37
40.83
64.05
64.68
87.44
34.48
51.21
57.47
63.3
30.01
0.45
0.58
62.33
13.56
42.63
95.74
89.4
38.75
49.65
80.57
89.47
87.23
43.94
64.34
84.95
28.06
62.32
70.13
75.34
38.95
86.4
46.69
38.63
97.58
4.8
8.38
32.43
91.16
51.61
12.51
7.8
6.93
29.62
49.69
93.7
77.01
39.92
41.95
75.85
98.24
25.98
56.19
33.44
41.18
55.78
6.32
69.93
31.02
85.33
78.87
8.98
22.41
42.34
37.92
80.63
11.15
90.23
0.39
51.22
69.08
38.32
82.93
95.6
47.44
9.33
14.3
53.65
16.12
16.0
46.76
79.25
40.08
10.67
15.01
25.27
52.55
45.62
22.79
15.21
6.83
49.46
41.38
89.49
30.23
73.75
42.97
8.1
42.16
46.6
74.22
66.53
89.96
73.1
51.06
60.85
21.06
53.33
78.5
87.08
74.17
40.28
81.5
22.89
87.55
92.9
79.23
27.44
67.08
27.55
36.05
64.08
85.19
13.11
16.55
76.67
60.26
42.22
35.4
80.4
36.66
13.46
55.1
29.3
26.92
43.4
40.05
65.74
18.97
46.9
19.25
58.14
74.31
25.68
93.82
15.54
84.57
60.04
14.79
28.27
91.85
73.78
78.99
50.97
57.62
52.49
6.56
76.12
51.2
4.2
54.04
28.14
13.62
31.88
56.81
50.59
56.5
30.36
18.39
77.52
86.73
43.09
63.12
85.27
34.58
44.78
63.7
67.64
89.24
88.08
49.02
70.68
28.15
46.36
80.45
61.99
72.93
56.05
1.55
51.0
33.21
48.75
71.68
59.49
83.46
30.04
15.49
84.53
70.84
27.86
6.86
47.29
13.29
91.34
2.9
6.64
93.34
23.72
84.96
51.11
99.37
31.8
3.73
42.14
88.91
60.08
35.41
56.39
52.15
9.04
47.6
0.16
27.74
39.2
28.68
50.56
90.28
66.73
9.06
85.61
41.43
79.85
43.25
28.0
2.28
52.24
59.14
77.13
72.51
5.62
92.12
7.45
56.27
60.22
86.94
56.15
81.29
4.18
85.46
81.03
40.15
31.63
10.06
11.88
39.01
67.05
19.76
20.02
83.78
38.77
58.68
68.23
11.31
84.79
67.97
41.14
38.99
78.0
47.36
2.54
93.15
61.56
80.62
5.85
75.04
68.33
54.39
56.51
16.26
44.17
38.4
44.02
25.7
66.42
16.45
45.5
51.88
46.87
90.18
58.47
30.42
52.91
20.76
23.25
86.97
64.87
32.29
78.9
26.67
62.21
98.95
81.04
11.65
69.33
2.51
94.44
48.8
44.41
95.96
22.61
53.16
0.6
34.45
78.25
64.97
25.0
99.74
31.82
70.8
11.09
53.4
34.33
49.01
58.25
67.15
75.59
10.57
98.86
27.06
27.36
27.6
48.63
27.71
7.21
34.64
31.12
88.02
12.87
33.48
50.47
26.13
97.7
72.73
69.17
90.05
35.47
53.45
89.31
48.65
48.59
11.89
65.15
36.02
55.8
43.37
65.72
11.5
57.45
26.3
49.26
90.83
73.85
77.38
95.86
83.89
75.58
53.68
87.5
61.49
76.23
82.39
23.37
80.81
83.4
13.74
45.89
50.77
32.15
21.09
81.44
61.91
77.75
74.88
37.75
13.32
60.47
67.87
81.91
5.18
64.98
62.81
31.11
93.88
81.08
83.75
10.95
86.88
7.47
39.83
82.03
77.05
53.51
96.62
33.97
27.76
26.47
60.88
54.66
62.48
62.9
31.44
77.99
63.55
38.2
27.17
33.74
91.76
50.26
79.51
79.3
21.74
99.46
24.37
24.04
75.42
36.09
75.07
64.17
45.69
53.86
14.88
44.2
59.02
59.31
63.14
36.93
36.97
50.1
48.26
61.11
54.37
71.17
85.39
68.87
14.59
51.18
44.27
14.58
18.31
87.06
79.6
52.18
92.72
22.53
43.78
75.24
1.7
22.25
76.14
52.72
63.23
15.89
34.97
32.39
8.49
7.29
40.49
41.71
0.49
47.02
71.97
28.7
17.96
94.94
64.46
60.14
64.06
59.77
68.82
64.28
79.2
70.33
96.72
41.11
80.21
75.27
52.79
1.16
1.47
50.13
24.81
41.98
61.83
44.35
58.48
15.42
9.51
77.94
31.45
8.32
45.09
63.57
10.47
20.96
47.73
49.08
10.23
32.81
28.34
71.8
98.67
29.34
71.77
76.06
87.99
95.71
14.07
71.14
52.45
56.82
5.95
12.89
63.47
27.72
21.23
64.01
86.65
54.36
48.43
40.93
58.61
74.33
26.06
98.56
26.37
49.31
58.49
57.86
61.34
92.52
23.61
60.28
35.36
54.76
97.19
71.27
52.98
30.93
6.59
97.08
19.8
63.13
17.33
78.58
4.31
92.77
8.13
10.69
74.3
49.75
99.04
90.45
40.45
92.01
82.58
2.58
93.21
90.57
33.6
29.32
65.87
10.93
9.47
5.47
96.73
88.54
10.56
44.42
97.83
9.7
86.13
79.84
87.3
51.63
50.04
11.11
38.98
79.12
55.43
22.67
3.3
66.17
37.71
67.31
36.16
14.74
6.15
50.94
45.81
92.58
96.66
8.88
81.75
64.53
59.94
5.08
70.0
74.36
6.0
96.57
49.59
27.97
73.92
1.96
19.09
24.65
85.63
57.08
76.97
86.42
4.08
36.78
76.62
92.15
36.12
73.25
76.46
5.2
55.97
58.37
43.01
90.1
48.46
70.07
77.45
89.12
98.31
16.19
75.36
58.03
2.82
37.11
58.12
62.84
98.42
28.64
71.6
35.04
92.69
97.98
47.79
43.1
1.93
27.51
83.41
52.7
37.57
1.42
47.55
59.61
5.91
5.59
37.59
64.27
6.26
87.58
32.44
64.32
91.41
32.45
82.05
91.9
44.52
65.65
68.1
20.37
0.48
7.32
93.92
30.63
2.36
77.47
37.25
35.81
90.61
91.52
72.21
43.77
75.84
14.63
21.62
34.69
54.82
32.87
76.1
82.53
89.5
2.0
57.01
29.46
84.94
94.3
74.85
62.5
43.56
42.04
90.31
23.8
98.44
2.87
84.85
17.12
7.59
17.03
57.65
89.78
54.58
92.62
89.83
8.68
48.98
75.69
33.25
71.56
31.55
28.86
69.55
56.37
85.14
75.38
67.47
45.92
54.1
63.43
52.75
4.52
74.37
44.71
30.62
50.58
79.91
64.84
82.34
56.1
16.48
32.54
16.27
67.21
63.11
36.99
37.22
63.16
72.49
42.26
10.3
57.9
60.49
57.87
7.93
48.22
3.43
62.98
82.22
90.96
11.2
17.19
49.06
76.17
54.21
21.41
52.96
16.72
20.23
27.19
22.3
43.3
90.58
47.04
46.73
1.54
74.92
51.38
91.27
48.64
59.91
65.08
74.32
47.54
47.8
68.94
37.35
62.8
47.66
56.36
41.57
55.16
13.63
51.72
62.99
3.57
12.11
24.54
84.28
35.15
0.4
56.78
56.14
96.74
43.98
99.87
97.51
10.25
11.49
84.3
87.93
77.88
86.09
43.8
29.51
47.77
17.3
14.41
77.95
47.91
28.26
26.32
98.18
80.7
37.88
58.57
78.73
41.06
15.27
67.44
17.49
90.21
60.63
69.18
40.24
83.22
68.04
61.23
85.74
89.91
43.05
72.55
27.75
37.7
42.8
63.18
17.92
15.33
46.88
21.36
49.53
58.01
27.22
56.96
38.11
50.57
48.93
44.98
33.2
53.74
7.43
68.68
1.33
34.78
28.66
25.86
89.22
78.34
97.16
75.88
33.4
49.41
84.15
58.82
19.07
0.83
17.8
38.64
61.39
19.63
33.91
24.9
47.53
88.35
17.81
53.34
85.21
9.89
28.49
25.22
85.25
4.87
57.64
24.49
37.2
27.39
42.09
93.45
77.74
22.31
83.52
64.15
44.74
32.65
72.78
81.07
21.81
18.96
3.82
93.55
15.17
15.38
86.23
29.33
71.5
59.18
53.71
17.35
31.87
78.44
58.79
39.14
25.75
0.62
88.61
88.88
19.18
76.22
75.43
2.13
89.0
46.11
3.46
44.55
48.4
63.98
17.27
23.28
34.83
27.81
24.24
0.74
56.22
80.69
58.31
75.66
66.65
12.19
40.92
14.98
59.13
71.51
70.9
87.02
30.59
10.85
58.26
67.13
99.84
1.15
91.45
99.06
72.1
23.05
90.67
15.67
8.16
68.76
40.17
96.24
93.04
21.3
89.38
10.12
88.82
18.48
27.84
83.01
18.49
37.44
37.39
28.82
32.67
61.74
0.08
31.17
49.36
50.92
99.73
88.06
25.48
74.65
64.62
7.2
60.61
11.33
69.9
29.0
19.84
25.87
36.57
62.14
20.14
12.59
8.46
64.91
54.73
97.81
54.23
24.17
47.89
74.19
87.35
33.24
35.55
81.52
14.84
15.72
47.69
71.89
48.44
86.96
73.23
20.9
42.69
2.67
46.78
24.73
74.06
97.48
44.94
17.89
83.84
12.99
75.47
51.69
66.8
7.78
91.72
88.18
71.36
73.71
29.5
80.22
32.83
8.22
67.32
49.35
53.5
2.34
8.73
88.89
69.83
78.24
51.58
33.84
57.4
60.35
51.87
46.25
1.77
10.64
95.38
80.0
70.5
0.95
98.22
69.51
10.53
66.4
75.25
22.7
55.4
49.62
23.53
60.34
21.4
25.58
35.19
13.59
23.78
58.84
48.34
35.6
83.57
34.43
41.45
54.51
26.49
22.59
95.68
6.76
3.28
74.91
39.35
16.73
51.43
93.57
43.39
80.33
7.36
92.65
57.05
94.54
39.69
58.88
71.72
70.59
38.69
88.94
43.34
20.39
2.38
13.33
95.47
67.85
47.46
37.87
17.78
80.64
56.17
92.27
44.29
18.71
25.5
9.85
69.24
20.28
25.19
76.13
26.15
4.26
62.52
91.97
80.92
34.41
86.31
98.58
60.9
4.17
40.29
33.51
8.05
77.86
65.79
0.1
49.89
38.54
47.98
40.98
95.24
4.58
30.8
40.33
89.98
33.43
1.62
28.85
55.57
87.69
17.38
81.88
61.29
31.66
26.64
43.31
88.45
55.82
26.55
39.81
36.8
69.99
16.59
36.86
49.84
19.79
42.67
78.49
52.92
52.76
50.12
49.77
80.94
83.25
31.13
16.94
75.3
30.7
5.24
80.08
83.03
22.46
88.01
79.7
73.4
72.37
17.79
90.74
47.11
4.12
59.32
72.53
82.88
62.95
28.97
26.88
79.22
65.27
94.67
15.69
44.56
92.56
28.19
38.13
18.35
86.25
66.12
62.65
56.26
14.45
58.22
74.04
21.91
17.05
98.05
99.0
28.51
23.77
41.51
70.63
75.56
43.7
42.19
33.52
5.48
83.33
76.37
73.02
1.97
8.25
98.65
84.75
37.18
43.91
11.28
84.6
48.21
13.89
0.3
67.35
20.06
2.07
24.31
65.31
19.13
81.54
11.75
16.4
57.92
76.44
58.33
61.82
81.9
46.92
77.63
84.52
31.72
60.78
51.92
3.71
18.89
94.33
25.26
43.18
21.07
63.04
63.36
8.78
2.92
86.28
24.72
51.03
53.01
66.07
72.95
35.09
32.2
86.76
66.43
85.26
12.24
80.3
23.13
91.46
1.38
86.54
7.28
26.65
15.05
85.75
46.72
40.36
10.81
21.16
2.45
0.92
97.78
37.73
31.96
38.08
83.06
89.03
29.7
95.28
49.94
40.82
35.86
96.63
39.8
78.01
33.79
1.48
50.71
69.14
6.9
65.94
46.98
79.57
13.58
72.96
82.65
58.73
39.93
25.89
47.16
36.68
0.11
63.28
72.52
99.44
46.12
63.73
69.94
97.33
85.67
59.45
15.4
0.97
36.34
40.87
99.92
29.52
44.97
28.22
9.53
11.24
44.76
72.36
15.35
2.32
40.34
16.32
12.25
27.25
39.41
73.18
52.21
55.55
1.94
4.86
0.54
93.61
8.77
3.59
33.3
82.36
79.37
31.0
59.53
95.34
44.87
57.74
85.35
94.64
29.73
53.79
5.96
99.99
69.09
8.44
38.56
30.76
46.18
9.11
14.71
44.48
88.55
82.3
30.18
51.42
83.21
44.65
29.97
96.15
68.45
84.66
8.45
0.57
59.15
66.08
1.74
8.24
4.48
50.05
84.4
98.08
7.85
93.02
64.61
63.8
65.06
6.05
96.84
83.43
20.4
88.9
34.55
96.56
17.88
17.16
44.95
32.19
49.18
2.88
71.98
33.85
70.18
81.13
94.88
75.28
66.52
50.29
87.39
51.19
63.37
1.32
1.28
66.22
10.48
91.92
35.58
52.86
84.72
70.45
4.04
97.68
67.27
99.57
25.24
72.39
44.05
9.56
32.69
79.97
88.8
26.99
0.53
64.33
3.5
12.1
77.65
3.08
55.67
89.34
4.51
5.33
14.97
63.32
48.14
46.1
98.71
10.8
34.19
5.11
19.37
71.19
98.19
91.36
30.06
87.17
29.07
45.49
42.71
77.57
4.6
67.25
33.94
25.99
49.25
71.3
22.34
26.76
65.57
78.08
92.35
36.72
53.6
46.24
64.51
20.68
4.66
61.42
63.71
67.09
20.66
61.47
69.25
70.86
79.62
71.94
58.13
4.39
96.61
5.73
70.49
67.3
52.05
2.33
14.03
42.88
34.46
88.93
60.46
72.34
93.2
64.0
56.61
14.94
6.58
27.64
81.17
45.94
74.66
5.81
41.55
90.5
34.95
35.96
29.84
84.89
67.54
96.69
73.15
52.71
7.37
17.95
60.02
54.08
28.74
9.52
73.36
33.53
15.37
92.44
56.08
15.2
50.14
87.74
17.02
98.46
51.48
86.19
96.4
33.04
45.96
43.61
27.08
28.75
80.24
81.92
97.65
73.59
11.13
87.64
12.71
25.95
96.88
73.96
54.72
3.21
45.01
65.86
31.92
8.97
82.09
11.6
97.92
25.4
73.98
32.86
40.6
35.51
49.54
87.34
91.38
6.44
72.01
66.67
4.94
48.39
18.67
95.29
76.48
75.68
71.74
96.1
50.73
2.31
29.05
35.22
10.55
31.38
22.09
63.4
82.9
14.73
86.52
36.88
27.91
51.41
68.05
2.46
69.01
0.87
45.29
63.45
29.68
96.7
58.05
38.18
17.61
87.94
54.54
19.32
10.89
73.07
39.77
33.87
59.16
4.43
96.82
26.12
14.65
18.34
78.66
27.46
21.17
22.9
44.88
65.69
88.72
87.07
48.89
58.93
91.24
7.62
76.73
61.9
77.97
11.08
50.64
91.25
42.77
96.81
28.56
72.63
59.7
74.76
46.23
15.7
85.77
65.68
27.69
32.23
22.06
75.39
57.83
95.56
64.41
96.94
20.78
36.58
65.09
30.47
41.89
58.58
42.65
54.52
79.09
25.07
12.09
35.0
15.39
69.02
9.23
40.64
65.7
48.15
1.17
40.19
24.93
85.51
83.49
47.47
93.23
46.66
6.17
27.53
24.44
96.52
29.64
12.65
63.91
80.13
34.88
24.2
2.86
95.84
1.27
64.89
69.58
5.02
27.94
22.01
35.95
20.22
58.59
52.88
62.7
14.31
87.89
94.5
58.53
68.85
58.44
62.16
73.54
71.22
36.92
28.46
47.95
55.22
21.14
85.65
79.82
90.69
19.73
52.64
13.88
31.16
42.54
75.14
39.29
64.02
55.38
69.56
78.78
38.83
56.98
76.99
86.17
35.89
60.76
75.53
62.1
16.22
21.39
65.43
46.74
80.28
16.29
87.76
39.58
11.07
47.1
37.67
57.29
26.96
75.62
81.37
26.42
29.2
94.31
27.2
28.79
77.07
3.26
85.76
69.35
85.47
26.56
10.52
98.21
53.07
70.57
49.21
86.37
22.91
16.9
99.07
91.86
63.2
61.97
38.09
76.98
42.86
76.34
3.93
88.05
91.48
47.86
54.16
98.59
24.18
74.09
71.05
81.47
16.14
18.22
3.0
25.37
32.66
92.29
32.27
94.21
84.04
59.25
61.02
50.5
74.7
46.0
97.79
88.64
54.17
21.93
88.26
44.89
63.84
14.32
69.64
13.27
50.96
37.43
58.96
52.43
49.37
92.3
68.72
95.06
26.69
42.48
48.36
77.79
7.58
89.33
30.27
14.95
59.29
1.36
32.78
21.52
65.42
34.01
85.66
70.3
83.53
29.76
29.11
53.02
76.5
7.9
97.37
80.09
86.38
82.89
5.99
91.14
35.48
1.65
53.96
99.11
52.29
30.78
67.16
83.83
27.85
46.64
17.2
14.55
75.98
64.7
51.9
79.78
18.46
63.21
73.05
28.12
99.4
28.57
19.36
51.49
49.74
35.63
88.83
43.12
13.97
58.71
39.22
70.73
51.36
71.15
93.17
11.8
12.64
76.07
59.57
16.5
19.26
51.09
34.06
35.38
62.07
74.0
59.69
20.64
44.07
80.71
55.29
56.4
25.57
17.42
54.69
45.67
60.23
49.13
43.6
1.57
23.48
33.7
39.03
59.85
64.07
7.07
2.23
36.36
11.92
49.2
6.47
50.81
55.71
59.65
53.69
51.34
88.37
89.36
94.87
87.86
94.63
74.34
8.96
15.93
33.83
18.18
47.14
70.76
58.7
64.21
10.11
83.9
45.3
90.0
45.03
88.6
16.91
30.14
57.97
8.12
89.77
93.51
10.09
74.01
80.72
75.45
58.87
71.21
39.85
81.18
78.77
81.28
34.75
57.56
95.19
25.02
34.57
51.24
56.09
30.71
23.39
70.77
81.63
9.5
74.51
25.21
77.39
99.14
76.75
18.77
62.89
53.05
88.09
36.25
99.22
19.05
79.98
53.06
73.88
15.28
19.42
9.48
25.05
4.5
65.55
7.03
21.5
4.0
37.41
84.93
38.88
6.38
7.22
79.21
82.14
97.09
48.17
9.28
91.87
29.88
71.45
12.37
24.32
68.63
15.66
79.54
78.93
95.13
78.88
92.92
11.45
19.56
86.43
3.51
56.57
13.13
47.13
45.95
34.03
62.51
3.9
97.95
25.34
98.37
27.7
71.66
63.6
41.2
84.29
59.24
50.67
31.4
78.38
27.48
63.27
50.03
78.15
34.81
33.49
76.28
16.58
65.37
74.71
19.67
21.46
82.27
24.13
3.79
13.07
3.85
34.85
79.69
32.46
2.48
39.79
32.28
69.66
58.94
83.17
22.02
48.09
66.86
66.39
79.43
42.36
76.01
10.97
16.74
11.53
37.49
5.97
6.81
34.32
74.58
54.62
14.56
11.14
81.78
14.78
95.27
75.55
95.04
5.17
46.79
52.41
47.67
26.01
55.85
94.78
16.35
44.15
4.53
20.91
44.25
79.94
85.55
61.07
6.79
41.96
93.26
55.07
67.11
94.01
41.07
63.85
42.03
65.54
31.2
46.93
94.69
38.1
71.35
31.09
52.46
44.77
12.38
71.39
75.61
44.63
16.57
46.42
15.74
90.78
3.64
42.01
16.88
63.1
87.16
34.63
56.76
33.16
30.67
65.3
93.19
63.66
57.93
95.48
73.26
27.62
54.27
98.03
2.97
88.25
53.53
93.24
11.4
21.79
84.09
33.58
66.18
43.74
93.1
56.99
79.34
9.19
43.04
99.96
89.41
50.39
99.62
74.15
11.19
3.52
99.41
30.64
45.66
75.35
37.69
39.38
45.76
82.5
61.66
34.99
68.91
84.83
97.59
26.57
1.39
53.18
46.94
15.36
0.03
37.77
91.58
15.61
35.57
34.17
0.89
55.86
57.35
1.69
37.91
95.2
33.57
43.82
69.85
25.62
68.46
32.38
24.45
56.21
16.37
67.77
31.95
41.93
2.24
90.15
4.76
9.88
96.07
52.48
78.09
36.01
42.11
49.79
6.49
91.57
98.01
50.23
21.32
75.74
12.35
20.46
1.58
65.02
92.7
88.4
90.27
12.56
31.5
51.56
53.25
64.58
71.85
85.15
60.29
72.98
1.76
5.78
2.98
72.05
55.13
98.96
33.31
9.8
59.01
62.63
59.12
93.09
84.34
43.73
10.91
41.0
4.91
91.13
76.29
91.39
79.75
65.52
93.71
55.91
67.06
58.63
64.88
37.95
59.56
52.4
11.59
45.99
14.16
81.76
32.85
18.1
59.19
27.09
81.39
17.01
52.07
91.08
50.37
82.57
53.52
48.95
76.02
26.74
98.13
41.16
92.66
55.87
90.97
17.47
22.72
6.6
53.67
3.18
99.93
82.73
79.0
35.3
40.99
18.16
94.17
89.39
71.87
47.74
4.19
54.44
90.82
90.76
98.83
57.7
5.16
25.8
37.61
44.14
53.28
72.23
72.14
21.53
48.94
75.5
11.71
47.17
40.38
3.92
2.74
90.35
20.6
47.64
40.02
49.11
23.79
40.8
51.64
33.77
0.02
36.03
26.26
48.31
50.07
60.66
80.98
46.84
90.4
33.55
91.61
14.86
28.99
88.41
0.23
73.8
81.74
17.98
96.8
67.82
66.82
70.78
68.16
5.66
90.34
69.5
71.06
27.01
73.77
59.09
7.64
42.33
12.97
32.59
50.0
81.09
28.29
31.57
89.02
85.16
44.54
98.48
46.33
88.95
78.72
8.17
35.61
62.41
17.22
59.71
33.18
37.5
94.73
79.67
62.59
37.56
95.21
63.62
81.99
87.71
32.89
73.43
81.32
44.33
13.0
44.58
86.51
20.52
9.67
31.73
39.4
43.22
85.1
78.95
27.0
54.64
76.72
75.26
94.49
90.94
34.23
89.46
73.68
35.9
46.31
79.04
60.32
70.32
42.17
2.22
74.95
97.22
68.97
66.64
18.51
66.09
18.93
11.91
88.11
94.53
86.21
1.43
48.54
65.38
93.74
64.4
40.56
63.75
98.04
67.73
38.59
96.19
93.79
32.4
75.91
96.45
34.37
2.29
20.32
46.08
18.8
55.56
40.2
54.01
69.77
87.36
34.6
3.68
88.43
71.54
81.85
91.4
11.3
27.12
27.04
72.75
70.1
40.9
39.64
5.44
21.77
14.11
57.58
10.49
37.55
82.49
18.65
29.38
95.03
93.84
63.17
38.23
83.5
81.24
26.72
81.81
39.52
72.06
7.1
54.07
7.75
90.26
8.53
43.32
5.27
63.38
76.52
62.0
14.47
95.0
68.5
99.38
51.91
75.73
5.43
72.82
10.5
68.17
29.48
92.32
39.18
72.2
49.48
63.41
16.76
37.81
83.95
56.46
50.25
22.05
51.33
48.68
66.99
67.28
79.52
87.03
55.81
24.8
38.89
85.29
8.86
55.05
88.12
78.19
47.19
32.97
61.71
87.73
2.57
1.59
89.6
77.37
19.0
86.41
54.4
72.28
78.46
93.12
49.52
85.02
32.92
9.86
1.87
29.81
26.81
8.26
51.86
55.6
35.53
40.27
57.85
61.15
94.82
24.47
2.55
81.22
33.07
1.89
82.38
89.99
48.61
66.01
2.72
91.59
48.23
55.75
19.21
22.52
27.23
48.58
68.4
73.41
94.96
50.85
70.81
0.0
16.78
97.96
88.48
75.15
56.85
37.17
86.2
89.87
46.41
7.57
61.2
31.85
74.56
87.48
61.33
99.9
48.37
84.65
8.42
21.47
58.34
55.15
14.08
84.84
28.31
13.78
77.26
1.61
99.75
27.26
77.41
34.22
38.04
71.31
52.42
26.6
83.56
6.75
82.11
40.78
28.88
97.31
19.91
65.73
5.7
50.79
96.95
51.89
5.71
48.0
99.34
12.2
65.12
75.48
24.43
44.1
61.69
4.57
62.91
44.5
25.54
23.5
41.7
59.96
99.47
21.05
0.59
30.6
65.04
44.9
6.13
26.8
3.37
0.36
50.21
19.22
75.7
1.21
24.64
33.72
46.3
33.8
70.83
39.34
16.49
71.64
89.04
5.63
66.37
33.56
8.07
99.55
81.65
12.73
19.98
87.56
66.28
36.1
82.23
65.13
29.93
4.29
63.08
12.48
63.5
8.29
3.96
38.87
4.27
24.91
35.71
93.93
83.38
98.41
42.83
98.54
56.25
47.38
67.2
28.23
49.14
46.46
36.81
63.93
7.3
42.85
22.92
66.83
77.93
43.49
14.38
21.48
3.15
1.11
95.33
13.15
22.97
67.42
40.73
17.15
34.3
96.86
16.03
25.72
15.3
69.73
34.98
89.01
90.25
7.87
94.08
67.55
92.18
10.96
18.79
44.44
71.1
99.43
11.81
26.73
5.87
41.79
0.7
21.2
62.56
68.25
49.76
40.48
77.78
56.73
55.9
38.05
46.04
51.78
49.29
27.14
72.99
93.29
38.19
15.15
25.35
36.38
89.1
52.52
49.71
62.93
21.04
26.7
79.88
88.84
63.19
6.01
95.17
77.21
69.13
14.93
69.34
21.0
27.87
79.19
83.48
1.9
47.41
75.37
87.01
32.88
41.24
3.7
10.54
77.1
93.97
0.99
51.47
95.32
61.48
72.09
95.88
64.69
92.95
79.68
78.64
44.81
9.39
82.35
66.41
69.47
22.65
68.55
77.33
67.0
19.86
70.38
10.02
60.93
25.16
18.81
97.67
27.66
76.09
32.25
97.8
84.5
46.89
1.09
93.94
36.13
54.26
76.78
70.28
51.37
34.53
10.07
12.9
93.77
65.97
38.46
30.84
73.55
36.6
32.06
28.18
55.68
59.0
8.0
52.17
74.61
44.92
58.72
77.23
73.12
39.62
89.27
47.05
4.15
78.89
59.63
62.76
51.17
14.28
37.86
34.11
91.05
71.7
36.11
48.32
44.46
28.41
92.13
69.44
80.35
2.19
95.42
99.1
58.62
58.95
67.17
45.12
9.93
10.94
12.49
54.8
23.22
73.56
54.87
86.26
52.78
3.69
2.91
32.13
99.16
89.13
8.93
32.01
13.66
1.63
57.19
31.27
17.25
6.36
7.35
49.19
98.85
80.05
82.37
19.39
1.99
2.17
41.34
73.63
21.13
94.12
50.35
23.24
6.74
27.77
50.08
9.6
78.91
67.93
0.67
18.75
4.06
0.43
5.01
26.94
58.55
96.68
71.95
13.75
71.03
43.29
20.47
91.65
34.27
32.57
90.51
98.06
16.36
39.98
88.81
50.8
30.11
95.18
42.05
24.71
70.44
61.13
27.61
99.98
78.63
57.51
83.68
65.99
6.7
43.45
67.58
46.63
80.39
48.78
34.7
74.05
50.2
12.47
9.71
45.44
45.9
57.26
57.06
24.67
95.91
71.29
94.98
86.72
70.47
89.25
61.59
9.9
39.99
17.6
13.09
7.0
42.06
61.31
46.47
22.28
35.25
8.03
50.62
15.94
12.67
29.86
99.71
6.63
3.8
33.47
69.69
46.37
19.2
43.11
98.9
46.59
36.56
26.89
53.81
72.04
93.72
91.29
43.02
28.76
70.65
86.7
33.45
24.55
59.88
56.95
50.9
88.53
76.43
95.98
91.71
17.13
30.2
1.72
12.4
1.6
14.06
68.24
61.22
52.09
81.27
97.77
79.44
30.22
2.71
45.36
90.19
43.89
43.64
36.52
4.97
88.04
58.91
89.56
18.17
93.4
32.51
7.39
40.86
11.22
20.86
19.93
94.52
91.09
24.51
93.95
51.4
34.87
98.69
21.65
90.52
20.98
19.82
39.16
90.2
42.27
33.01
96.96
0.05
10.92
74.49
91.07
54.0
88.97
58.21
26.34
41.39
29.58
26.51
57.6
77.69
7.08
62.74
81.4
98.09
81.46
68.54
41.92
19.47
72.65
43.19
46.61
9.49
79.28
79.06
0.68
10.59
64.22
92.99
50.93
32.14
81.6
41.03
95.37
98.33
41.62
19.74
57.69
3.09
56.16
49.51
37.72
94.92
39.46
29.08
51.76
13.24
76.45
28.77
12.34
25.3
73.45
30.08
78.86
17.46
50.52
18.63
54.92
58.64
77.02
14.66
33.23
95.23
97.76
61.76
81.83
10.84
43.36
21.28
19.29
0.13
68.47
72.44
2.26
81.96
20.01
29.67
66.93
36.55
97.75
17.74
33.96
29.47
94.19
63.33
62.29
87.4
89.16
40.65
80.56
4.69
68.8
49.91
97.88
50.98
35.5
58.36
35.72
1.04
15.46
12.15
91.0
20.88
2.43
78.96
27.43
78.81
86.22
64.78
92.78
72.29
63.99
74.4
26.48
43.81
17.87
37.26
28.95
18.41
74.59
82.4
49.88
84.74
61.89
35.76
92.34
99.65
10.44
95.85
86.46
9.58
77.83
57.76
61.8
0.9
20.65
72.42
27.68
23.4
75.18
97.1
78.79
5.64
14.04
34.92
81.1
77.14
28.58
70.39
72.87
72.64
24.87
96.2
91.94
85.36
60.43
51.52
93.39
22.23
96.22
13.36
6.02
12.63
57.94
51.14
21.19
79.89
96.18
5.65
79.08
41.78
5.19
48.3
91.89
42.52
29.72
48.86
35.56
4.99
44.37
5.07
61.21
17.82
86.34
77.81
73.46
14.14
90.04
87.87
13.5
37.03
76.91
17.7
84.64
60.96
68.65
13.68
33.86
43.66
66.95
46.35
17.36
56.24
75.12
67.84
80.73
50.54
18.4
30.91
65.85
28.78
3.97
73.35
60.03
91.1
91.67
23.18
73.94
89.09
71.86
28.72
70.16
9.2
99.88
9.36
65.18
40.23
53.94
86.71
56.88
91.23
83.59
6.71
95.87
13.85
78.33
2.64
8.76
85.6
5.58
99.81
73.97
74.9
53.36
96.02
47.3
81.43
52.35
25.81
98.1
66.05
51.59
73.86
83.16
99.05
61.53
26.91
20.12
48.11
4.28
73.49
14.21
90.43
37.54
84.05
81.94
16.11
61.92
30.45
50.76
25.88
26.02
26.33
80.32
78.53
16.39
5.9
15.9
85.09
15.29
52.03
78.85
68.0
35.88
11.67
37.04
89.05
67.24
64.56
42.1
8.3
16.86
2.15
92.03
74.84
54.28
30.81
20.95
12.62
54.48
35.42
55.48
44.53
70.62
30.25
60.17
77.85
47.23
58.99
16.82
91.99
0.93
3.86
56.89
48.35
12.01
9.96
68.26
67.56
52.66
12.72
68.56
94.37
17.59
37.29
84.14
14.48
85.91
45.98
19.83
60.33
85.32
99.85
65.28
36.19
60.8
22.76
13.8
63.15
45.53
33.06
45.48
0.64
28.47
85.81
92.82
24.53
91.74
9.95
43.16
27.38
64.71
41.31
95.41
0.81
75.65
15.41
27.67
31.15
64.95
5.09
98.97
68.53
89.19
37.1
45.14
21.98
14.09
70.02
63.53
57.48
66.68
75.54
21.33
28.73
8.99
43.08
74.98
81.16
75.16
23.41
99.58
99.82
55.94
15.06
56.62
78.12
15.63
76.36
69.86
89.44
47.93
97.45
30.32
79.16
94.26
80.15
93.05
65.51
46.86
25.51
20.77
7.7
82.69
35.14
5.52
54.93
58.51
65.35
36.37
22.1
86.47
64.72
19.62
6.3
77.92
67.6
3.47
22.14
64.29
7.23
38.8
4.73
10.18
11.85
82.95
79.15
52.31
51.45
91.79
86.6
18.98
48.72
2.95
0.56
2.49
95.36
43.67
59.83
69.05
69.57
59.05
43.88
43.27
24.57
29.96
45.47
2.63
9.34
88.47
88.57
9.77
19.78
57.1
74.12
66.55
76.84
50.86
75.77
26.17
65.24
2.62
82.01
76.74
99.79
36.08
53.97
66.63
96.01
50.31
20.16
87.51
93.52
40.76
62.6
89.63
49.68
86.58
32.47
7.12
89.71
23.76
23.03
70.64
73.31
9.38
38.35
19.9
14.2
72.77
31.22
95.62
41.08
26.83
85.99
83.15
79.05
39.47
18.42
16.23
73.22
42.72
64.23
43.42
43.41
22.13
88.29
3.25
71.46
41.99
5.67
11.96
44.61
16.84
45.38
14.9
73.32
90.66
3.34
82.55
14.22
57.22
56.6
56.18
36.17
21.02
16.6
77.46
29.12
73.58
0.91
55.23
42.45
85.73
59.23
60.4
23.23
88.78
56.64
17.58
6.23
22.85
69.84
92.45
19.94
65.07
61.96
64.12
85.43
94.91
97.35
42.92
6.1
71.24
73.16
40.61
94.99
57.33
56.74
53.26
95.93
85.7
71.16
98.11
52.81
20.93
78.8
25.77
4.16
93.67
12.02
89.55
41.48
54.31
5.26
87.68
33.1
80.78
95.64
24.14
94.83
92.47
32.63
24.34
66.16
51.84
13.4
66.91
46.14
73.91
3.24
49.15
82.84
25.1
87.32
40.12
92.46
99.32
38.45
74.53
83.97
85.06
22.87
82.08
62.85
64.26
32.49
35.28
10.33
39.97
53.29
65.1
97.42
43.14
69.82
80.07
13.05
95.52
43.54
51.68
76.41
3.65
43.33
14.23
80.59
89.28
95.51
66.78
78.67
48.27
83.36
31.77
95.89
95.57
78.37
18.69
21.12
44.0
56.72
98.79
68.78
73.62
15.82
39.1
28.48
37.65
95.73
53.39
70.69
84.1
23.54
42.82
39.32
16.25
60.51
8.65
39.23
35.29
33.46
20.15
39.89
79.9
23.32
84.19
50.38
45.57
92.07
40.69
80.42
22.68
84.77
98.63
87.84
7.27
73.84
0.61
89.29
66.13
19.45
1.25
4.71
8.91
68.36
24.83
19.87
0.69
76.08
85.93
52.95
13.53
56.01
52.8
82.17
2.99
88.03
94.57
69.22
43.65
61.65
94.76
54.32
63.63
69.38
73.95
2.76
79.81
73.65
92.64
5.46
4.24
85.54
90.91
28.65
65.44
11.66
48.2
55.18
74.44
8.64
44.01
36.31
47.85
91.49
29.28
10.15
48.16
90.98
14.77
70.61
18.88
40.25
25.84
79.48
13.23
57.78
71.2
87.33
95.94
46.97
96.93
58.04
56.52
99.83
3.06
50.72
94.32
71.76
55.46
13.65
28.63
62.3
37.37
39.27
48.33
73.6
78.36
4.75
36.83
68.18
56.67
57.34
48.7
45.22
58.07
36.18
74.47
16.56
47.03
38.51
97.64
94.24
93.53
27.24
90.42
62.61
92.28
39.59
67.03
42.51
77.28
76.8
35.32
94.2
25.28
82.26
3.03
66.58
59.48
15.86
87.1
55.62
30.69
45.52
25.06
41.9
24.1
85.98
8.06
33.62
51.26
22.35
8.33
38.49
82.2
50.3
59.22
52.67
49.8
34.4
26.25
50.88
75.2
62.88
5.69
20.3
47.63
36.45
79.41
57.82
78.27
6.55
75.92
97.54
69.19
96.31
69.21
84.03
60.01
84.02
18.56
60.81
80.41
81.14
40.04
41.63
59.89
84.07
31.94
76.47
75.75
15.71
73.7
65.22
59.97
94.13
47.5
66.31
35.44
30.48
90.02
45.26
23.87
18.84
97.15
27.29
66.34
62.66
57.55
12.52
79.26
51.53
21.83
48.82
2.11
65.88
0.18
92.89
65.8
30.02
38.91
16.67
89.58
41.35
52.65
33.93
72.47
71.04
32.31
83.87
44.99
55.79
9.64
69.2
24.33
93.32
73.27
83.13
55.69
40.26
49.7
6.8
8.61
62.92
54.13
0.31
57.53
68.73
17.76
22.12
87.2
94.46
35.87
29.92
51.79
20.55
71.01
41.5
23.26
73.39
94.7
23.01
5.76
93.59
1.26
74.75
68.14
77.59
97.56
63.49
54.89
4.55
14.02
43.52
96.54
4.68
89.66
11.61
72.66
49.38
67.86
43.23
22.38
92.11
38.47
59.34
31.68
2.93
40.53
50.74
71.65
82.02
77.6
4.77
47.56
47.4
5.03
95.77
97.9
69.54
48.07
93.03
24.66
91.21
28.08
8.54
14.37
90.37
85.3
31.61
42.0
2.04
77.66
82.19
98.4
48.66
8.14
89.2
57.07
99.12
55.66
2.06
94.4
1.34
10.4
31.43
22.63
48.81
68.13
70.23
19.4
66.2
50.18
67.45
4.4
26.31
23.12
48.28
7.01
95.43
60.54
4.47
69.41
99.18
82.76
20.04
1.19
28.8
58.4
0.28
99.7
61.72
7.13
54.84
78.31
63.72
47.24
60.25
42.7
38.15
63.01
46.44
38.97
77.12
37.79
15.19
41.54
42.02
78.68
11.98
14.6
78.45
9.84
82.07
35.64
40.35
6.91
35.59
61.51
39.87
90.75
56.94
0.65
7.34
13.64
74.63
86.48
6.39
24.12
27.49
74.72
93.49
41.19
7.54
2.12
7.73
19.15
20.25
5.68
70.43
58.38
34.9
5.42
41.61
2.66
99.29
24.26
42.07
61.5
90.84
97.28
50.7
78.48
45.54
78.29
71.82
41.52
97.52
87.83
13.37
36.26
15.25
84.13
93.66
74.62
90.99
65.03
1.75
77.98
77.72
58.06
95.92
18.62
85.97
58.81
39.05
93.31
24.15
73.0
84.01
53.46
54.9
29.26
15.04
78.1
64.76
40.01
74.14
37.76
91.91
11.73
9.94
44.93
86.84
21.6
83.44
94.6
90.03
51.55
23.74
72.32
8.5
95.58
96.23
32.09
57.91
5.13
61.64
42.95
66.3
12.94
8.11
97.04
4.3
95.83
25.01
53.31
4.21
29.09
10.35
13.54
19.17
49.5
53.88
56.07
48.05
84.61
64.1
25.85
21.63
66.11
54.94
13.25
90.86
43.92
36.54
8.34
47.33
30.21
50.43
24.22
58.9
82.83
79.4
88.96
0.47
41.09
21.58
37.97
59.44
7.31
4.38
92.49
91.47
36.87
84.2
10.17
12.8
36.91
88.1
84.58
5.89
77.5
92.63
22.0
96.5
53.89
38.03
11.68
32.96
27.65
90.13
24.52
70.74
45.87
27.33
76.64
27.57
71.37
1.46
32.55
54.57
78.75
92.39
74.23
17.41
18.6
87.91
48.67
70.41
66.7
0.84
44.82
27.27
73.38
44.83
18.25
58.54
74.74
98.7
44.22
12.06
46.09
49.99
78.97
59.07
4.78
68.35
55.01
7.89
64.79
9.92
14.52
65.29
71.91
10.6
28.03
6.45
83.58
77.15
19.64
49.03
14.49
82.54
76.27
32.75
85.18
5.54
78.6
74.43
31.49
19.19
50.42
16.75
93.0
23.98
44.62
75.11
72.4
47.09
21.35
31.31
52.04
37.94
58.18
65.67
15.11
60.48
57.02
97.2
15.8
54.83
56.41
95.44
73.13
9.69
7.86
73.48
57.27
64.92
70.6
24.16
93.25
9.37
63.82
17.85
68.09
65.17
54.63
76.77
61.4
75.78
92.74
73.64
13.6
56.59
13.19
63.76
30.87
52.34
28.84
48.19
29.49
93.73
54.65
25.9
39.6
83.77
32.48
97.25
11.48
34.0
7.68
62.24
5.84
3.54
74.6
72.85
84.35
71.23
2.14
2.47
26.08
59.5
38.65
69.96
93.54
17.72
65.89
7.17
93.63
52.73
67.01
79.76
56.44
84.43
69.37
70.75
12.78
61.16
37.23
93.44
99.13
82.63
49.82
85.96
69.53
17.99
79.8
86.0
81.67
17.09
29.06
7.63
34.29
64.25
6.92
96.13
11.21
18.52
77.34
32.02
86.08
97.49
18.72
75.97
9.09
38.68
43.71
69.48
62.97
7.5
35.65
31.71
50.91
21.8
11.69
54.91
27.59
60.0
26.5
91.53
31.51
82.68
99.01
50.6
6.57
35.92
43.58
96.58
71.88
17.31
97.91
94.61
86.01
26.27
24.21
73.87
71.57
93.48
61.05
25.29
86.83
31.67
27.34
29.03
30.73
48.69
86.35
92.26
58.41
32.22
99.3
51.71
61.1
26.63
6.27
24.05
1.06
65.49
46.68
60.31
18.64
68.07
31.24
75.93
10.14
16.92
46.2
41.05
18.03
48.45
55.65
7.91
52.85
46.13
18.45
30.57
71.26
63.67
35.13
12.76
84.8
10.65
73.01
83.73
60.55
4.83
27.93
86.32
7.09
16.61
98.29
29.82
45.35
31.37
53.24
48.85
36.74
16.51
39.43
88.69
86.74
55.17
52.58
43.79
68.06
76.66
92.02
52.9
19.02
11.32
95.15
82.41
16.77
8.84
9.08
7.05
37.78
97.17
27.45
95.5
44.66
77.16
6.69
47.27
29.14
59.86
32.61
29.69
68.34
5.38
30.98
17.97
64.82
97.63
46.06
74.73
95.61
22.66
10.27
30.09
81.41
39.78
42.79
34.16
24.94
76.96
40.85
69.0
31.83
63.88
30.95
5.21
59.36
86.05
39.15
76.19
43.68
43.13
68.31
30.43
78.57
27.07
46.53
77.44
0.35
56.97
79.03
49.04
70.88
3.48
53.83
41.4
65.01
61.61
15.32
23.29
48.57
41.02
32.9
62.09
20.18
76.38
70.31
49.3
6.96
11.43
79.42
88.74
55.21
16.46
17.84
30.94
30.79
23.44
84.32
0.55
60.38
96.79
96.32
9.57
81.58
98.02
59.98
51.96
81.8
3.63
19.3
34.61
8.72
52.33
55.34
0.19
73.5
90.63
20.31
26.24
26.05
26.36
11.23
66.0
0.52
16.28
84.18
58.08
29.44
99.94
1.45
22.82
60.09
9.81
79.01
92.73
41.29
95.67
52.63
3.56
90.92
63.26
29.01
55.45
58.8
11.83
40.75
4.41
4.25
81.12
5.3
65.05
61.75
35.17
45.02
31.29
9.31
52.19
85.87
72.88
19.99
39.95
10.31
28.16
70.12
34.2
77.77
78.61
79.46
47.9
17.62
74.28
6.09
66.88
21.26
11.62
80.84
56.35
84.67
46.5
47.43
70.99
6.46
67.51
20.73
1.67
14.54
69.3
82.85
76.32
42.23
97.05
54.15
62.78
7.65
98.61
39.12
3.75
86.06
31.62
61.04
74.45
45.93
62.36
6.24
6.18
83.72
52.28
80.9
59.2
68.7
68.77
9.98
96.51
27.35
44.11
0.09
70.22
13.96
18.26
84.69
56.13
49.83
22.99
51.75
93.85
99.19
25.92
63.68
29.71
99.67
15.91
23.07
36.71
47.88
69.92
50.61
74.13
64.2
40.94
97.07
31.91
65.36
16.41
9.74
25.67
72.92
56.77
14.39
24.03
76.87
22.94
59.75
80.36
6.21
37.45
10.04
18.59
53.87
55.64
25.74
45.31
78.83
18.33
7.33
36.67
80.52
92.51
21.71
90.47
87.19
93.43
81.35
86.99
7.48
10.75
18.24
18.73
57.24
66.79
81.11
28.5
7.15
48.24
3.78
53.43
70.36
36.42
51.3
54.95
58.02
11.46
36.27
0.07
64.14
7.96
96.75
33.39
26.54
53.15
85.82
50.65
40.14
17.65
66.6
67.57
83.6
70.08
76.94
75.09
89.07
73.53
67.96
66.9
66.77
27.89
43.76
0.44
23.21
21.87
64.36
58.83
46.85
31.99
9.0
96.37
14.69
41.37
23.94
63.29
9.15
75.82
74.87
14.81
53.11
47.49
85.28
3.62
98.39
83.61
31.47
7.06
70.26
51.67
19.49
73.69
61.03
76.49
61.81
64.94
10.7
98.25
7.66
44.04
94.95
20.08
18.66
18.54
25.38
93.11
57.66
45.33
80.01
91.03
55.08
11.74
83.64
37.16
90.7
44.18
81.55
66.44
71.42
89.97
3.66
63.86
87.28
64.3
40.95
31.97
79.17
71.67
70.19
31.74
39.37
72.22
59.87
17.26
90.39
21.86
18.76
33.05
55.27
34.59
3.04
28.33
23.96
98.38
16.69
99.5
25.53
73.57
71.55
23.02
85.45
30.4
27.8
55.11
3.17
86.11
2.25
93.42
5.83
52.47
59.59
78.06
13.9
78.74
96.47
26.39
98.34
76.21
67.65
1.2
52.08
98.6
14.29
25.44
57.32
60.73
7.82
69.11
1.98
99.6
23.17
35.34
30.07
37.21
37.84
91.66
69.61
10.9
10.21
61.85
81.2
97.74
4.67
97.41
94.34
16.96
15.58
59.67
77.22
64.59
6.07
74.1
80.18
30.15
83.7
77.36
28.69
69.29
36.82
2.96
48.52
0.41
50.32
8.8
18.44
97.12
55.06
18.74
11.35
65.32
21.59
71.96
48.25
93.06
28.52
33.67
13.43
29.25
8.37
77.43
84.06
12.81
53.66
78.3
95.53
10.46
15.16
96.09
9.46
4.98
81.38
5.77
52.62
9.1
10.87
26.82
78.56
56.03
11.94
4.22
89.79
45.37
11.72
58.23
44.47
59.46
45.15
47.7
42.74
25.69
55.24
94.25
47.32
84.41
14.25
69.23
84.55
91.95
31.21
69.91
69.88
22.84
33.95
32.68
82.59
39.06
19.52
42.98
55.0
6.98
3.84
96.76
63.07
23.45
64.93
25.18
54.06
63.92
2.35
11.51
86.36
70.67
88.56
47.26
48.06
42.13
60.79
11.25
92.1
35.18
89.3
45.25
50.01
61.37
98.84
79.33
71.33
23.35
43.53
49.0
47.71
80.17
20.19
38.85
60.59
89.74
50.15
63.54
95.66
4.54
86.57
58.97
74.5
73.42
52.02
3.58
85.12
59.84
21.29
88.85
12.85
53.98
47.18
20.09
73.06
5.5
10.78
34.49
30.49
12.66
65.45
34.02
93.81
1.95
29.35
10.58
68.22
38.41
59.17
55.36
0.42
84.48
93.37
29.22
87.12
88.19
35.06
38.55
38.43
10.86
94.47
40.59
68.96
88.92
19.6
81.79
66.26
24.56
37.46
45.21
18.78
2.69
69.46
72.12
2.83
11.93
70.56
25.52
71.48
13.01
28.02
66.02
5.37
59.73
31.34
44.19
71.52
16.05
85.0
18.61
83.2
20.87
80.46
76.03
84.81
50.24
75.0
66.1
20.34
65.48
97.34
63.89
13.55
89.95
80.93
70.37
99.64
15.03
91.82
20.72
18.43
12.54
76.0
98.55
99.2
7.14
37.34
68.58
62.57
87.24
47.65
49.12
91.62
61.01
78.2
38.67
22.16
46.26
7.38
29.27
93.01
45.05
8.57
78.42
28.01
26.43
1.01
91.68
68.01
55.42
97.13
58.66
3.2
84.68
23.65
8.48
17.67
46.17
66.5
86.91
60.83
41.53
20.62
9.26
1.05
38.38
4.72
97.87
77.68
91.96
49.47
35.01
6.84
37.06
6.53
29.55
91.06
62.4
33.09
62.12
67.98
62.01
79.92
3.49
41.72
13.81
57.96
79.32
11.76
90.95
70.35
21.67
60.72
4.35
1.4
88.39
83.65
37.3
34.42
56.75
45.32
7.98
51.66
57.99
25.42
3.42
44.75
13.06
68.39
60.75
78.7
98.07
20.13
97.55
23.62
8.56
53.37
30.52
97.5
16.17
78.84
9.17
88.66
8.69
78.32
27.21
14.67
95.25
11.42
93.38
89.73
67.99
96.85
43.86
95.59
35.78
16.33
5.98
17.52
96.43
92.25
64.54
40.37
31.08
94.29
94.66
20.85
17.64
57.21
55.73
30.92
57.59
8.7
50.66
22.18
56.38
89.18
47.0
15.02
5.29
37.6
29.85
49.44
77.2
23.83
10.77
52.01
33.68
29.39
64.65
43.63
95.76
67.68
95.1
30.3
75.4
96.21
24.28
94.39
86.79
93.27
88.24
92.84
75.6
3.31
49.87
78.13
99.31
19.7
41.28
76.63
14.18
92.05
59.11
21.49
70.46
42.91
57.63
16.54
94.38
61.77
34.82
38.76
19.34
43.26
12.55
75.31
69.15
69.07
52.97
22.29
47.2
72.13
6.48
21.96
40.4
49.05
9.05
29.63
93.58
8.9
21.7
94.58
30.75
76.88
42.6
23.04
37.68
89.23
66.29
31.42
1.68
61.38
56.0
96.46
79.83
41.27
53.92
77.96
1.3
11.63
94.41
64.39
82.16
47.59
39.13
78.07
36.77
90.87
54.03
81.89
1.5
57.73
0.32
79.87
34.94
69.8
85.86
42.59
63.39
83.96
28.87
77.11
18.12
8.4
96.26
82.46
33.78
55.39
60.27
20.79
89.65
51.5
55.02
87.47
94.45
31.36
22.55
43.24
76.2
56.33
43.06
47.01
7.25
24.46
12.91
65.21
18.3
11.44
49.4
70.93
80.48
71.32
89.81
64.85
63.25
85.01
28.93
60.99
15.23
91.84
86.07
86.53
44.36
28.4
33.75
73.14
97.62
62.47
18.95
90.49
36.53
93.47
38.14
86.16
20.38
61.25
57.36
68.61
69.78
30.88
18.05
39.28
31.03
27.02
94.85
47.45
66.24
28.17
78.62
19.48
38.44
50.95
6.16
37.01
5.6
80.54
20.29
67.79
13.48
92.97
57.57
98.72
35.37
4.84
18.53
29.61
17.07
35.49
47.06
84.86
49.22
27.32
23.73
70.91
34.21
28.04
93.83
45.45
19.88
62.06
91.15
66.87
92.88
0.17
0.72
62.71
96.83
19.16
20.53
66.27
84.92
29.36
32.41
50.41
96.91
24.82
45.85
35.26
22.24
50.11
49.9
84.39
37.9
64.5
51.73
3.81
28.1
53.58
82.66
83.28
69.52
98.17
38.92
60.42
72.61
82.29
98.16
93.99
77.54
35.31
4.14
54.18
20.0
25.66
67.49
74.52
91.11
55.59
77.0
47.78
13.77
95.99
76.95
66.45
53.22
80.68
13.45
62.55
28.39
71.84
20.48
45.73
35.08
6.94
19.89
24.29
69.72
89.86
72.56
33.99
71.41
40.5
9.76
25.55
64.11
56.42
16.66
2.08
60.95
82.45
28.96
70.29
34.73
60.39
86.95
39.65
68.89
59.79
4.92
35.33
48.55
8.28
38.12
43.51
92.22
90.53
77.32
89.48
74.55
49.58
16.31
33.41
95.3
56.06
13.35
26.46
95.75
19.5
35.11
8.15
5.94
96.55
0.73
5.06
4.88
51.83
5.41
46.05
31.58
22.5
31.35
54.97
19.27
92.14
3.94
97.85
10.26
37.58
97.57
12.79
7.02
51.15
3.16
35.46
1.37
57.49
51.7
42.93
33.65
20.83
79.1
39.04
32.58
39.08
23.36
80.31
15.97
48.13
25.2
81.36
90.17
17.21
77.27
21.55
38.94
16.68
63.05
56.12
39.3
53.23
99.8
89.92
64.16
11.84
18.01
86.67
25.56
2.56
29.56
96.33
40.47
10.01
72.19
36.41
99.35
2.7
74.89
23.71
50.99
42.64
91.78
0.34
44.39
40.54
89.26
49.24
80.97
20.42
41.82
21.18
16.8
60.65
64.13
58.46
32.16
34.72
7.51
19.75
42.75
93.13
98.76
99.89
71.92
98.8
45.24
35.82
30.41
82.71
85.69
96.03
25.08
44.21
30.46
68.83
53.49
77.09
52.99
45.71
1.23
27.05
71.12
76.42
34.74
57.0
90.22
20.27
6.14
54.75
64.73
50.48
99.72
71.63
10.61
20.63
80.51
64.47
49.73
42.29
63.79
60.84
75.83
43.38
41.84
1.49
83.26
40.96
37.8
14.76
39.9
43.0
73.9
26.03
3.01
7.19
60.07
19.46
25.6
4.95
83.42
18.21
60.7
84.87
50.02
61.7
76.35
54.2
73.99
15.13
41.22
40.46
15.79
8.51
28.21
36.9
38.96
48.84
32.62
88.86
4.81
25.33
78.28
63.35
82.43
50.06
9.45
81.68
48.96
26.16
81.51
62.37
97.53
68.41
5.31
80.87
57.67
23.47
79.77
20.33
19.65
93.68
27.31
80.76
44.23
71.07
95.8
34.36
87.11
93.56
64.96
24.4
47.68
51.23
50.83
26.86
36.85
97.02
76.9
9.75
89.54
98.45
43.28
39.11
23.58
76.24
22.75
40.74
6.89
32.82
42.47
39.51
80.89
28.67
28.38
65.66
6.51
14.27
45.88
61.63
50.75
97.47
57.25
5.23
39.09
19.24
47.58
28.89
48.76
39.73
83.12
25.45
39.67
42.62
99.77
12.83
32.52
28.53
6.65
66.66
49.49
43.87
26.4
28.62
77.19
88.68
67.89
68.02
58.3
48.51
28.43
74.64
9.12
30.12
8.35
2.4
86.69
82.94
56.93
42.25
14.51
36.0
17.93
87.29
77.04
87.59
72.33
64.8
92.36
66.21
11.52
16.38
89.59
60.19
18.86
66.19
17.55
81.15
60.62
29.1
55.19
11.82
48.08
32.95
45.41
69.26
56.86
75.51
19.69
34.04
72.59
85.31
33.66
68.51
58.92
2.5
29.53
79.53
97.72
24.6
66.98
73.73
94.8
54.45
43.85
13.67
15.6
8.92
29.24
53.59
86.92
38.61
89.9
12.08
24.59
82.74
3.53
81.87
57.38
30.5
41.44
15.1
17.11
75.32
56.68
9.55
70.52
68.38
99.49
20.69
54.5
36.59
23.92
70.34
50.36
47.22
72.54
36.29
19.92
53.41
14.89
23.1
59.92
92.87
99.69
59.64
29.4
59.93
80.8
94.71
51.81
39.02
62.64
99.97
77.29
71.09
4.05
6.85
70.85
76.05
91.63
75.23
57.18
89.67
42.58
23.51
29.16
62.28
9.24
40.3
94.89
15.26
90.77
74.16
54.99
35.16
65.81
90.6
61.44
2.81
51.28
34.91
27.42
52.87
18.38
9.82
82.86
92.2
41.87
15.43
92.96
14.82
29.42
86.5
33.64
19.28
11.26
35.77
56.66
99.28
27.41
86.81
2.79
37.64
22.32
37.66
17.18
9.29
89.43
17.43
51.08
93.89
66.56
97.71
42.12
72.3
0.24
1.84
11.54
32.77
36.21
53.99
73.21
44.79
68.93
99.48
67.62
80.61
97.27
68.42
18.55
76.11
15.08
59.55
31.19
57.89
3.05
72.27
83.63
47.25
15.12
83.05
47.35
35.66
76.58
35.85
59.78
59.06
39.07
13.57
5.88
21.57
46.91
14.13
54.35
36.32
43.47
33.38
18.02
57.2
32.37
74.29
77.48
88.76
41.86
55.44
59.72
15.68
51.8
10.76
82.92
81.66
75.03
25.97
42.24
14.53
0.66
81.25
26.53
83.37
76.53
69.45
2.18
21.25
13.42
26.66
92.4
16.15
27.03
6.54
76.65
5.35
62.68
74.86
73.66
62.31
36.22
7.76
52.22
26.77
84.22
87.96
24.27
86.77
6.35
46.54
33.11
8.19
92.55
94.05
23.85
9.62
1.85
31.98
69.68
59.21
40.91
8.39
71.11
31.26
68.86
46.99
67.12
6.28
54.11
16.13
51.54
31.9
93.5
98.75
12.61
22.15
69.27
22.71
31.86
42.32
82.25
93.22
37.27
47.87
46.82
54.71
82.96
98.3
59.43
44.12
25.59
98.43
78.65
41.64
49.92
16.87
36.61
55.84
13.83
18.2
48.74
92.85
55.47
29.17
28.32
1.56
58.74
22.86
2.53
73.52
87.45
83.62
12.33
86.85
82.52
87.72
66.15
0.96
77.03
49.86
72.69
79.61
74.2
52.93
87.9
71.25
53.84
31.84
48.71
60.64
7.4
53.8
53.75
75.71
44.24
10.37
80.34
70.96
60.5
88.23
38.71
10.43
61.55
21.85
18.32
50.69
0.75
30.26
83.99
0.98
80.23
97.32
32.79
93.87
11.0
77.08
24.99
83.94
92.75
61.58
57.71
53.21
98.49
23.42
64.83
46.56
87.31
81.84
90.48
67.48
81.48
67.91
50.55
30.86
63.61
13.12
83.24
85.56
7.84
89.69
70.87
3.41
72.18
39.5
41.94
83.07
27.16
61.3
64.86
91.69
87.42
86.64
73.83
20.89
91.18
65.64
60.87
55.3
86.62
41.97
14.61
46.01
16.02
84.91
30.61
5.93
57.52
19.72
90.07
12.46
3.87
89.52
84.63
39.21
59.74
53.09
58.43
10.98
28.81
94.86
49.09
38.78
23.27
96.59
20.24
30.82
3.77
41.73
86.86
8.81
26.14
7.41
43.48
2.05
54.59
59.04
45.63
15.83
19.12
31.28
42.55
60.56
52.61
37.07
79.38
45.39
99.53
83.81
24.86
86.93
58.56
71.71
72.25
41.81
1.86
27.15
68.11
62.96
75.87
6.34
35.93
23.49
65.46
74.82
60.18
46.81
70.72
85.62
70.55
13.1
83.35
28.91
45.28
76.39
59.99
20.61
2.59
37.14
98.82
13.94
86.8
9.99
12.77
1.92
51.32
85.84
50.49
62.34
46.71
79.29
1.02
13.92
83.1
27.37
39.39
74.21
57.77
90.11
68.49
95.72
40.68
5.28
76.59
38.86
23.68
80.5
73.51
54.86
0.14
42.76
71.38
81.53
7.49
60.24
38.33
63.51
13.17
97.11
77.64
11.36
32.84
54.09
22.19
55.03
60.16
60.67
20.45
25.04
59.08
46.27
26.11
64.04
56.31
53.56
83.74
44.03
75.05
94.18
7.52
15.96
72.17
23.57
57.14
78.03
59.54
22.42
68.95
66.25
3.33
69.74
12.41
96.6
21.75
47.51
33.36
61.19
88.79
4.46
5.51
97.73
70.21
91.83
25.78
8.71
61.62
56.2
70.89
99.27
92.53
34.68
93.64
19.59
90.56
50.28
41.68
71.59
27.18
90.08
82.06
84.73
77.55
76.25
44.38
48.73
67.39
63.52
28.11
66.71
19.77
74.24
8.82
37.02
87.22
85.78
63.22
85.68
58.5
58.65
54.14
12.16
41.66
76.15
82.87
60.53
33.81
69.6
67.67
55.88
72.76
55.99
56.65
11.02
82.47
85.38
22.11
67.94
51.62
44.3
92.43
61.12
71.44
69.98
50.78
82.44
67.46
19.51
79.18
31.64
36.79
83.79
31.89
11.37
12.14
1.8
38.29
48.47
39.42
48.53
87.92
9.4
19.95
73.04
75.21
13.82
76.57
97.14
30.44
26.58
66.69
60.92
69.42
15.59
35.97
10.13
49.95
64.74
38.52
51.02
85.23
90.36
61.0
78.55
92.41
85.17
15.73
42.9
33.19
34.93
54.19
16.43
77.06
12.7
80.25
65.2
75.29
44.69
17.17
36.2
33.35
72.26
76.56
84.37
77.87
51.25
67.76
10.88
27.83
8.87
19.41
5.53
92.91
61.79
65.58
80.49
78.98
34.26
71.93
54.68
96.48
20.49
62.77
37.85
78.82
54.53
41.75
14.34
34.12
52.59
26.35
29.98
14.12
33.28
88.62
57.43
53.32
16.42
65.95
38.74
80.66
39.45
46.7
19.08
10.83
45.58
33.73
79.36
92.94
54.24
16.21
46.38
24.38
91.93
26.61
75.13
8.63
29.83
25.61
43.84
0.21
24.76
58.86
84.47
1.71
40.32
18.94
32.21
31.23
52.77
42.37
66.36
